1586
3838
7376
7701
9537
8355
4601
53
3436
3393
6967
2785
5736
8124
9709
3449
8661
3067
5148
5920
133
9838
6056
4158
762
7652
9829
9567
7144
8192
5167
169
4297
3413
8713
1814
6623
1483
9301
5414
9205
2767
5300
9104
5953
536
8939
7274
7622
3592
2718
2557
2779
1089
9291
7693
5170
8388
5576
5777
8979
467
2218
7970
9703
4529
2436
3748
9793
4091
3104
1324
520
6851
2422
8491
7225
7893
3423
543
1835
2051
9965
6648
4417
5596
7610
849
3746
8458
8458
6887
3319
2877
2915
1214
3569
1305
5017
1331
7298
7952
2830
7390
9189
7548
8173
974
6983
9880
1461
9057
6029
7432
1960
4007
4231
5195
8605
7272
848
9104
2838
4367
7501
3644
258
5795
4463
8187
8042
7677
4127
8812
7069
7402
2465
7627
2943
9311
7242
6265
4248
3974
2330
2864
2640
6853
5778
9263
5708
4152
9616
3026
7135
1277
1004
5588
6831
1288
7869
5603
4824
2557
7169
3554
4514
2316
4783
5123
4079
1755
3529
1977
7079
9218
4710
1693
5712
2265
6497
6432
9554
424
294
1496
8165
9880
6878
8851
9415
4507
6899
6844
8221
2102
2356
8781
2414
9607
3040
9930
1113
4841
1799
7979
5189
3637
4305
9072
8475
4015
3661
8697
7725
6281
3251
4358
1910
46
9054
1527
5691
591
8897
4189
182
1972
1786
3178
6692
930
7033
6401
5596
4594
4956
3531
1696
3875
3245
2729
4492
7258
8995
487
2744
8297
4157
8065
3245
7687
9894
6297
2088
2240
6082
3219
8600
3595
8586
5988
368
4799
1563
1062
831
7269
9003
4054
9409
2094
2188
1247
3036
9616
9781
132
7137
4400
4609
8508
3504
3597
8574
3084
6562
1182
5868
7836
2202
5447
7198
6656
7345
9354
1937
456
3543
7874
6144
9031
8255
6859
7040
5195
146
432
1906
9333
2250
407
42
1172
1747
5046
9439
1940
8669
5129
9331
3964
1458
2883
615
8175
1803
6598
9648
2585
8678
7031
5984
531
1478
8183
4645
9727
9130
8934
1766
9883
3889
6784
2012
8582
3423
6449
1836
2575
4162
5964
4567
132
5148
1130
7915
9293
921
5373
4378
1697
49
5968
742
4360
40
7766
8758
2486
5851
5955
5404
1147
2136
4929
5920
7338
508
3655
2489
4271
8581
5586
9124
9145
6710
6840
2815
1862
2274
2455
3493
9810
7240
4034
3537
9965
7470
425
3340
5591
6673
3395
7689
1406
448
2079
2606
8746
4506
1936
2389
7262
6501
3222
7729
1840
229
1080
622
7800
8978
452
4420
2185
6207
5105
4992
8801
8827
1691
8352
1929
9261
4908
9638
8459
5945
7179
8237
2436
2080
9783
886
8422
8926
750
4752
7180
3351
654
2577
7889
1169
2276
4674
9521
5715
2565
5585
3286
4512
1309
6126
7501
3456
2289
7923
149
7851
501
3126
9549
9322
4646
6495
2813
4025
7218
3951
3023
5393
7618
1040
8240
1885
443
7753
7370
9939
8283
4555
3019
9518
3605
792
5728
651
9279
6246
813
8470
605
7820
9455
9014
5663
3661
6273
2657
2662
3737
24
1723
3032
9020
5377
7554
4959
9492
9830
3828
8491
9332
766
6415
1665
5534
9643
6143
6021
3481
3683
5713
1769
2175
592
3398
8437
6357
8474
9250
8721
2153
8641
5646
7059
8829
1068
123
5480
7144
6103
9739
6164
7289
8030
8087
6304
8242
9788
3614
6886
5898
7867
8706
9227
6470
2798
7851
6714
7416
6886
8834
7883
7557
3116
8563
6780
5433
3314
2998
9463
472
9320
3136
3843
4990
9994
8601
6039
929
550
4828
294
8911
6271
4669
9105
3561
1444
7595
1491
566
9074
2131
5664
6537
8532
5727
2384
6031
5595
255
5024
2428
8964
9252
1462
4860
9251
1133
8492
358
5396
5304
2607
7264
2587
1773
5087
5900
1383
6742
9854
1225
6184
289
8699
3470
9339
242
2318
4005
8105
5019
4070
9342
9855
6807
1184
3838
8542
9864
2313
8528
8680
9558
3834
9103
8082
9709
3110
8917
6507
3883
640
7741
4233
5534
3733
9943
4063
1655
3722
5704
5629
5627
1081
1892
932
6963
1346
7323
341
6248
6168
6031
9551
7541
4370
8434
9047
5949
8296
7755
6938
2069
5672
3614
1576
2728
1897
9042
6361
9086
8323
8013
8610
1542
1423
5803
6278
4406
1169
2728
4299
86
8898
6970
8234
2253
4826
7215
6810
9096
7510
6806
56
8335
369
9596
4421
2409
6774
5728
8467
8335
699
8370
1988
5630
2460
9342
5964
1361
6192
8301
2899
716
7477
4950
9740
8376
9095
2220
7176
3437
3610
1066
6902
9814
9699
3887
4660
5455
6110
4585
5893
4555
461
1736
5017
3430
791
6146
4331
2711
6202
2300
1117
4907
9525
1900
2164
419
398
3774
5291
3220
1540
1880
7544
5428
47
9576
9404
3898
5045
9018
9013
1151
8199
7335
348
7679
7163
957
8081
4845
5642
4594
7357
4153
4116
8880
8084
7858
8359
4189
8417
1769
8123
5219
365
9007
4446
1990
6783
2778
439
4089
396
1573
9073
7664
574
866
6316
2505
5808
1159
5383
5338
9905
1794
1423
2029
6466
2345
9414
3373
3815
4861
6143
6940
9185
3748
7558
1984
494
6414
4774
8790
7420
2008
680
6582
1522
8659
3848
7534
1093
18
4131
4250
3725
770
9367
3900
8546
4648
1004
3280
386
8958
3086
5184
4349
4582
4837
4120
3991
471
8457
9027
5619
8856
3951
942
1120
2997
7239
3471
4075
5293
2533
8944
6875
8298
4734
3409
4156
3475
8697
4978
4598
2304
9820
7293
7105
9738
4352
8937
5672
931
2501
8815
9815
5127
8405
4414
6712
1788
3385
1044
497
9886
9294
1171
2998
8131
710
1972
5736
8733
9420
6743
8171
6820
2266
782
9135
5687
7762
7197
8505
4252
692
5197
2163
2746
201
3120
3340
8539
3249
4726
1252
1802
7031
1675
2446
7622
4517
1635
6506
9516
2459
8160
9699
6992
7480
6216
4182
3963
535
6672
3743
1520
6491
7622
7714
9392
9849
7489
7641
4787
126
9886
5408
3658
0000
8888
7777
6666
5555
4444
3333
2222
1111
6957
7568
3563
3407
5967
5343
4016
7154
5057
1116
8525
4193
3445
8902
4660
5719
9071
8848
1871
117
934
1371
9170
5724
548
6840
4868
1
3949
2499
1202
136
8077
3332
1984
7351
9550
9823
6199
3062
6025
9725
3933
5814
1059
3598
2799
5375
6044
5065
903
5331
7272
2011
4829
7717
4519
9104
5157
1557
7616
6685
4780
7738
8297
5844
7801
4298
5113
7110
9525
3658
8507
2645
9354
7382
7194
6214
6177
4529
7705
6307
1799
2078
9762
7858
2560
2599
7424
7901
6202
5607
4371
9204
2019
1587
5651
3325
8004
3689
3656
5883
9158
5588
4326
9817
9218
5388
7782
5054
378
4988
3310
7240
9004
4443
3443
3625
281
8421
2908
3481
4320
3915
6757
5163
7188
4114
8386
7356
2812
9191
6554
9939
7131
3997
3031
7767
538
8145
305
8276
8109
8241
6702
8830
7752
8343
1840
8680
6
72
4240
1056
7192
3864
3945
6132
5950
6448
6192
7099
3387
3875
121
5845
8696
5521
3996
8174
613
5566
4377
4784
9923
2065
2689
7662
2157
3571
8502
1987
7393
7296
5424
8366
3719
8732
1608
7367
4968
1615
2654
9908
8601
9571
6030
7865
1309
6686
1157
386
1690
5303
1410
7665
2514
2687
2317
3280
4608
2488
3220
2670
2954
7874
6886
5568
4109
1567
1981
6512
1283
7740
7086
234
2703
4405
6881
2349
1290
4506
4084
7808
2827
8769
2094
7625
2086
1502
9281
943
8354
3917
901
1869
6539
2053
2434
1463
4636
6507
8410
710
3390
1716
3312
1568
6799
2938
8654
2974
3869
6701
6846
6290
6144
5808
7499
198
1681
5476
9736
2723
6607
5395
5330
9864
3092
2988
5848
8701
7130
3688
7474
8402
4718
3670
9099
2861
3689
6003
7421
4322
7007
1587
5195
2454
6041
8370
7450
9209
8114
1772
8706
5963
816
1596
8387
7625
630
2028
4230
5082
590
2003
7215
1949
6422
3350
6531
6211
8033
4969
5743
2813
2934
2451
6978
8598
1772
5673
9733
248
1076
4706
1375
812
9103
9707
3207
39
1199
7423
1241
8845
7203
254
9354
2135
6500
4075
6993
5032
4202
6099
5842
8304
4631
4197
738
3049
7991
5587
3069
3830
6435
3845
975
9318
4986
4362
6729
7156
7673
9572
8096
9984
2919
4726
2222
8064
788
1702
5019
5961
9715
3447
7578
7414
6200
6873
1047
2463
5005
2309
8658
3890
4637
5762
7927
3481
7879
4258
4419
7974
8548
6756
547
9634
1428
5439
1060
8467
9649
7872
507
4331
8561
6269
4887
6809
8435
3067
7191
4677
7065
409
8247
5592
9180
2531
4335
9886
9143
7787
925
4153
5199
5667
9230
8472
4554
903
1436
8604
6270
2224
9927
8339
3540
2907
2656
265
9431
2669
1670
1130
3861
802
8042
6929
2666
3026
5888
1158
5116
3665
6572
2463
9220
2903
1926
6360
4881
6233
9774
9223
39
5692
5365
2564
3866
8929
3637
5083
8089
6615
1082
555
2348
5282
2385
6931
8052
3374
67
6282
5399
1789
218
3600
2704
3163
7098
9298
670
7159
6158
6736
3697
5985
7414
7860
2727
8108
2669
8154
12
3252
6697
7041
2304
6531
1839
5002
2671
9203
5437
2334
2272
2119
7716
9658
8022
5797
4825
2864
2771
3460
3385
9506
1423
3752
1894
5106
2615
4832
4423
8629
4170
5545
3298
4306
9586
7726
8295
4489
9123
8405
8396
8482
4736
1451
9085
5005
3492
363
6856
8101
771
4334
9921
9274
8226
4803
4949
3037
8712
6624
6955
3232
359
2347
7786
6038
3026
9604
7646
1209
2646
7879
6580
9735
6903
608
2421
726
6929
4128
1605
1991
611
4902
3406
9740
5934
945
7199
8968
9801
5855
5575
940
1458
7556
5232
320
6372
9486
1899
913
1982
34
5543
4971
8716
1488
814
4043
9
5611
7888
5003
6848
8979
4367
7875
5924
6016
1603
6147
3118
8019
1018
3463
4754
3251
9547
5354
9300
9661
5025
9569
5076
4650
5925
6755
9885
7792
1978
3057
5044
3177
7557
8441
4813
4163
9763
1451
8417
1569
7359
5035
7101
4732
3513
8366
6015
9111
639
805
5954
7719
2083
9312
6195
6909
1989
8052
9061
2764
5569
1389
8159
3469
4240
1266
400
933
4168
5702
6511
1730
248
2293
5046
190
4411
8190
6820
9228
3933
8536
9213
957
9623
9473
1202
5480
3191
9705
8674
8744
5730
2448
7294
2907
5521
9728
3900
8036
2742
8723
1002
8165
7896
3364
5177
8541
9806
2058
806
7001
1985
525
6779
2791
6191
9497
6489
4152
9432
7
3044
3327
8733
1349
63
2823
9353
2445
1377
8181
1712
7128
1705
1206
2237
6808
6332
6227
7173
6579
6980
9789
5001
9146
980
4672
9458
5638
6579
2662
8073
2884
4479
3436
3763
8780
4192
3188
2451
1351
4627
1025
4795
7290
1377
368
8313
4305
215
5034
5533
8422
8897
4688
1420
4852
6190
5708
5219
1094
5247
7073
2892
5296
7190
9021
1364
4801
5344
9232
2812
4615
5410
7799
1625
298
4255
3762
2724
8002
101
9450
5390
9694
3575
4886
4925
5180
2286
6716
2191
4407
4634
1638
4671
3808
6785
2182
7604
6085
2872
2155
9520
3878
7326
5319
7415
9039
5584
6487
7277
4043
678
1476
1335
4931
3152
7711
3579
2084
1396
5146
3691
2261
2202
9827
434
8167
1400
7226
2923
6910
3407
7955
7168
5122
7747
8299
5915
5350
3545
6576
6230
6895
9867
9797
2326
8414
1217
620
9723
9233
8154
5187
9775
9111
7794
7738
3655
5549
3146
7353
2111
4617
5535
8989
4114
3152
6347
7167
4792
3016
9175
2193
62
6032
3807
215
3592
873
5667
3863
2236
3895
9762
7039
9706
1378
5921
8701
3140
3269
2208
6343
7675
9593
9881
6499
3158
3704
2708
3226
1661
1232
1435
1395
1677
6173
9536
9440
9080
71
8582
9049
8395
3289
7386
2097
2067
8676
330
6171
6568
2824
4371
3811
9957
9384
710
9521
6559
5
3370
1792
5198
3123
4033
6220
819
3476
9935
4466
6042
3512
2224
9079
5537
1507
8598
306
7872
4873
1529
4182
8557
9512
6312
6224
2834
8104
4141
2162
5611
1132
2509
738
3154
4032
4451
1446
2598
4669
3556
6034
6661
6583
7584
7091
3156
5758
2350
197
3934
6692
6733
8803
9135
4735
9034
1048
9881
3368
1856
130
1150
1450
3012
6491
5850
2738
7044
2189
1338
398
5369
831
6372
2186
9813
20
125
8524
205
700
7059
811
3273
1596
5624
6928
5984
5940
4421
2317
533
3254
8877
5414
7712
7997
2864
5302
7697
2631
4428
4940
2959
9413
4173
1884
3382
608
96
4584
4797
4909
2604
253
7868
5743
7980
2785
7476
8866
104
9279
6983
1297
710
6189
4734
2957
1288
9271
3297
5759
3464
8073
5679
6702
2305
6384
8783
7087
8438
8695
3010
7244
2413
3922
9134
8057
9729
4181
1958
8279
2622
3627
9457
1276
2289
3573
9469
5163
5403
7659
1687
8590
6489
1278
443
6467
272
6406
9720
5347
8590
4914
5900
2382
4697
5664
1781
9375
5252
9293
8558
8669
5336
4725
234
1105
2037
3133
4247
7675
6617
2459
4636
5629
5110
7651
9826
1192
9295
1715
4549
8115
4403
7779
6737
797
6536
8259
5501
1530
4094
6582
5330
6817
9858
4031
3298
2571
1836
5597
3418
5658
5735
5373
6028
9104
3754
2160
9892
1982
3343
8301
6988
783
8823
5822
8008
4509
9708
2167
9519
8622
4345
2978
8543
5303
223
8137
6647
9852
4530
3207
8705
580
8686
2182
4254
5849
7018
3483
5816
5487
6062
2923
9112
955
3877
152
3081
4246
7796
6422
2642
475
6347
4111
4794
1048
2420
4794
3841
501
6235
8661
5439
5976
6149
9561
193
2733
3627
5444
841
5352
7193
8700
4844
9066
8890
1484
5710
5921
5834
9971
664
3349
791
4761
1291
9598
2194
3903
1241
1144
9950
3736
8040
5995
2367
6523
7667
2163
7476
4286
4638
1713
3188
5558
644
8239
3124
3609
1903
9978
9295
5705
8115
9929
491
9479
1094
7887
4029
2956
2246
6401
3517
7534
5362
9657
9980
2551
3818
8585
8289
4629
455
3528
7787
2229
2627
8796
8890
9541
6379
8820
1267
3823
6429
2813
8601
7044
4214
9503
7044
5613
6284
8400
2106
2055
2571
613
2088
1556
4470
8639
8668
1929
2565
3156
6674
8166
5845
3684
8702
5268
654
6211
5541
5070
8284
3387
3855
8660
5124
9198
765
6547
335
9268
6332
574
5420
661
1061
9835
7939
9083
7304
1289
8912
9576
8316
346
4999
520
6601
7015
4257
5912
5626
8831
9812
1663
675
2556
1450
2815
1125
9853
8839
5046
7111
2451
8280
1750
7540
1165
2802
1037
2449
3293
5244
2104
868
3733
9274
9468
492
6491
3028
1521
4882
4451
4032
6537
6776
8230
2898
1128
7069
8311
7996
3703
2649
251
2754
1858
3450
9695
4683
133
4870
5537
9512
8189
9361
3834
9606
6716
6767
5455
1504
5589
8424
1914
6483
8787
9724
6602
4073
6729
8964
7864
5977
8280
4171
112
1794
3802
370
1853
873
6632
4066
8942
6280
9598
8482
5588
8129
4065
5812
3502
6303
6025
1066
9995
327
7020
6924
5200
7187
851
6105
6236
948
9360
7568
3845
5774
4248
7582
6073
6494
4131
982
2841
3451
969
1534
4800
1107
2889
4418
7014
9910
7003
3223
8373
7328
6980
501
2357
1502
1259
2577
6017
1810
6941
4458
9312
9358
5569
7321
100
4272
3574
5705
5642
4890
9981
597
238
5922
2399
2079
1513
5381
8331
1988
7205
8377
8920
9392
6600
7624
2971
6159
530
4647
4358
893
2921
678
2024
3551
2097
2288
7360
6787
775
6531
2012
9432
1021
2905
8895
9581
4980
6456
5345
5636
7604
4098
7749
3541
8273
8900
116
1116
6032
7765
2113
9497
5598
1252
6995
4162
5746
6165
8383
3543
8531
8700
8534
2769
6539
7822
3081
8853
308
101
4155
6124
7656
8170
7613
3640
4643
7806
6639
6119
6435
1322
5803
1984
2474
9152
8765
17
7715
2569
2243
7089
7338
5812
908
8824
3942
7014
7720
5895
6820
9404
4483
5633
249
4779
2480
4575
6210
4769
3365
9964
5006
9379
1159
2262
1284
3561
1827
7036
616
1247
1238
8665
1288
987
7083
2081
9870
7668
6823
4293
669
4098
9587
2128
7382
4077
8732
8537
8154
443
7048
4819
9062
6477
3886
9961
1435
4705
7978
3766
5642
5689
4138
6922
9214
7416
7480
6735
3170
6698
7612
3688
6287
5718
6849
8593
8245
9638
9981
3688
786
3837
8077
950
824
3904
8441
7541
9562
9789
918
7573
7832
1905
9094
2354
1485
4129
5226
2437
7865
5084
3984
6049
6446
2147
6005
7332
7101
7692
9165
2200
6714
4647
2201
8289
9377
3201
2740
2278
6414
4207
9934
7582
9231
7710
2491
7338
9665
9850
5465
690
3197
3065
2112
2857
1470
301
3710
6709
7838
4650
3981
5514
1455
6149
7164
7370
7559
7048
6848
5600
3525
8815
5113
6394
137
1972
2885
6559
9232
8618
7440
4632
7580
9364
4685
4965
7533
9833
4514
4722
8296
4866
4588
4057
3564
5877
3784
8448
9988
7656
648
1427
2599
176
9523
4492
6112
9813
6642
673
9374
2555
2956
3271
6265
3073
6596
5363
1361
398
7221
4525
4822
5195
278
7515
3481
1313
2477
841
1695
6312
5993
7417
8107
9614
8596
3340
3013
6145
5496
859
6201
6728
9540
9494
8709
9365
2218
526
6812
8462
3607
5145
137
3233
8086
5918
6579
7872
9860
1937
2661
7282
7082
7757
7422
2484
1378
1306
1059
2577
3252
5570
9434
9690
3150
5799
2611
7965
5967
7351
486
5115
9421
7077
5747
8372
7099
2991
8991
5322
2964
5046
5930
1052
486
7726
6588
9795
1993
7985
9243
6718
8393
8231
1933
3600
6360
3957
9283
4788
8192
8698
9580
5406
2847
5179
4388
3777
3502
7448
7139
93
8446
2534
2358
8254
3547
9377
3332
1416
8250
64
3595
2321
6300
4099
6624
5067
8873
417
4979
3578
4161
4495
7406
1798
5013
1677
1549
952
9839
951
2439
3890
8480
7696
4168
8603
282
5900
1209
8879
9411
4059
7738
945
6369
9338
1883
1968
8042
7556
1376
8002
52
1577
3180
2130
2166
7491
8730
1678
6577
4087
7305
8939
9384
4582
9010
8739
2447
8803
4688
8733
3372
742
6504
5977
1512
440
1018
4199
2474
3993
6727
8981
9631
3005
8529
8789
4452
983
4886
8173
2013
7662
5109
9017
1699
5178
2464
7626
2640
44
873
8833
3223
9420
4729
6344
8823
1022
643
4384
473
5225
7995
2374
1539
3486
9922
5610
4464
140
5625
4576
5199
2388
8825
2524
4032
9961
1938
2454
8900
9611
7549
3810
7235
5814
5250
8652
520
403
5281
7816
2515
2040
6213
5531
4858
5655
2257
4243
8046
7528
6375
6723
3464
4341
7624
2390
5450
4697
1959
5798
6092
7340
3243
9832
9889
8701
985
1157
1792
2842
8334
8256
4226
9158
4139
4181
7657
9158
6372
4913
8000
1615
1396
1308
8614
6511
5392
8995
3768
1297
7334
320
7944
5330
4271
8591
6583
9672
3900
4241
5979
2501
6841
6053
5743
9137
8047
8478
2400
2604
5445
5377
5268
2602
4003
1117
3745
838
7641
7406
8460
1590
7865
855
2418
337
7986
6084
2832
1225
6235
4043
6052
3508
1039
511
7339
5086
271
2313
7370
5273
2732
7031
5138
2858
2247
3608
6137
694
8057
2246
8744
6809
2532
4656
7752
3697
4908
422
1806
3899
1406
7592
4714
5780
8850
8270
8049
4472
540
8584
377
1891
2625
2434
2997
3672
3824
7201
1928
4566
3494
5704
2839
5329
6660
7692
9895
2305
5157
370
501
7663
3143
3802
7448
9179
749
755
6595
1533
5011
311
2724
7587
7672
2234
9400
2457
5789
5484
4980
7590
3963
6629
2942
843
4665
2488
8741
2372
8780
3761
6440
9376
4359
7894
5570
7834
2934
1684
6786
8505
3253
7943
6694
6696
5327
3982
836
2116
7912
1346
8021
7876
2978
1564
8546
941
5341
5568
2184
7602
8362
1510
1381
4773
5664
8571
4005
8351
3600
653
2979
325
6976
811
4327
6548
2279
7053
7016
1938
9555
7584
6917
4494
8679
4607
3339
9820
7357
8142
2567
4406
8595
9733
9417
8068
3760
6758
9189
7366
2577
9232
8446
6829
5078
7422
6456
4409
3015
1099
6210
2303
4631
3319
1214
4714
385
7105
8821
4813
7741
9428
4685
9134
7764
6970
2495
2616
4893
3343
6228
7249
726
3600
1542
9355
5395
6843
2509
2795
7974
3174
5320
9658
1275
4643
8877
2601
8274
7475
1000
4313
3074
6214
713
6213
4394
8320
3459
9849
2317
8880
1235
5701
5960
2714
7497
2175
5821
4408
2577
770
6640
853
1345
9463
4260
7552
7354
2256
9717
104
2615
4886
6482
4732
7732
1632
9127
9303
9790
693
7714
8755
6553
2478
3583
4669
5529
6415
3515
9965
3769
966
7401
6713
4530
183
3475
4126
2738
167
3463
7933
3358
2692
6422
3457
8063
6760
2713
6230
8693
7620
8523
7396
8694
3860
3954
9843
3157
19
3816
4171
9466
7744
7356
8211
5349
6831
9591
6132
7976
6868
809
4020
6550
9233
4059
2021
5339
9963
8184
7613
8361
6033
2437
6857
222
9028
6273
342
7939
9885
5856
4120
9895
4679
2102
3010
9410
5433
3209
271
8127
1968
4271
448
211
7560
6903
2573
2816
1857
7345
6374
6559
3933
3789
8237
7560
5153
8347
8763
2072
3536
8393
6468
241
5227
681
37
282
9391
8847
7380
23
8328
4760
6893
7445
2425
9756
8373
5174
437
3428
5399
1399
106
6625
39
2636
9397
8894
4833
9311
8672
9613
3786
1351
7644
35
7420
610
5834
912
6317
9179
1155
5676
7929
6705
4782
9781
8628
1489
5230
1
4768
5515
4979
6534
2828
2796
1890
4451
9217
5372
4777
9358
8053
5187
5174
6071
7580
1966
9649
3301
2658
1464
2231
7251
7266
6183
6467
9943
7753
4488
650
7203
6991
9765
515
6295
2013
498
1569
8620
5696
6738
8538
507
3144
6463
2476
1493
4361
3212
8965
1456
9754
1411
1325
6983
723
6184
3549
8273
9778
2402
2703
7098
82
3488
9868
3118
1449
1290
5687
9262
304
9868
9322
3285
1619
3220
6956
9017
6923
7574
7322
5828
1058
2726
9000
1754
3308
2688
375
7151
8803
8255
9178
3594
8101
7140
7094
4397
50
7226
1464
3437
2810
3436
1718
507
6264
3310
5336
6352
3269
9700
2916
7350
4718
2668
5629
5053
2512
7835
6996
8909
7761
7016
5169
5012
4791
6229
8803
4215
7828
721
9885
6639
6049
166
5085
9001
7082
7734
1635
7918
4996
7115
4681
1924
2063
5570
3878
1969
8013
1646
8099
7773
4803
1110
9948
473
625
4033
469
9446
3055
330
2137
6557
3717
1051
2364
8094
8764
1300
5338
3489
6516
4470
6017
4858
4519
6413
8829
3119
302
162
281
591
4518
6887
2883
6774
1316
7136
5084
3708
1066
2072
5772
1854
8200
3482
4052
2735
9453
7635
1484
7539
4855
6886
3934
6366
1643
184
3708
4523
9474
5364
474
4203
2670
2015
6163
2351
9567
2831
5872
1164
8685
4298
4506
5387
54
7928
5154
1064
4047
5597
9585
8225
5422
6878
5319
4043
3845
2071
2102
7943
2308
2733
3666
1765
4425
4914
9667
8039
1921
1466
4611
9840
9565
3959
3870
9908
3379
3444
1742
5752
8432
8040
120
1589
3898
5762
2923
9075
6857
7897
9256
197
3548
1262
9295
669
2147
4745
1182
6275
8703
2997
2731
7324
8024
4029
2032
9295
9132
6615
2910
5676
9639
4527
913
3427
3821
2497
7290
7314
7831
9221
5495
7806
9062
7974
2481
840
9353
873
8193
9933
7989
2185
5891
4769
8177
9041
1338
4115
7077
4240
8261
6977
9150
4061
6938
4244
2633
5211
7019
314
9683
1133
1437
7822
2603
6936
9938
1361
6006
1057
9355
1838
8824
7321
2187
2326
4168
5399
9005
7882
1924
6303
4031
2709
8973
2139
2252
296
7967
9252
4359
2676
3988
7034
8069
1505
5038
4732
2871
1157
387
7983
7907
1617
7008
5971
3214
1598
6811
9906
1932
1294
8904
4801
5452
545
6543
2841
6067
3815
3598
9385
8246
6803
7224
2580
934
5945
6450
8205
3392
6416
940
3474
4779
777
1401
6466
6331
4393
852
1081
7860
7577
7497
2751
1566
2372
5602
3669
5967
6015
4157
5106
9315
1116
9895
6742
7444
6837
2713
7146
9605
5660
1948
410
1492
5891
5530
16
5173
5121
9536
488
6239
4868
6511
3048
5513
2404
8346
731
7389
5137
9994
9015
5827
8843
8025
3959
2059
5451
1290
4343
9051
9245
725
6570
2685
9904
5822
7164
5915
1206
6247
6807
7689
5815
4260
8434
3303
9212
1406
8055
2353
6508
2222
9508
104
4398
643
8847
3611
6187
4708
393
1657
5732
4172
3048
6744
6448
3084
2218
2595
5804
5746
7019
8583
9812
5447
8111
6175
2225
1245
2359
2366
2373
6392
4537
1210
841
1625
714
4835
4273
2351
5311
6108
4632
4874
1881
7144
736
4903
6444
5094
8661
573
1936
2470
8563
9177
6507
4424
9082
4788
5866
4587
1483
7992
5700
295
6797
1018
6231
8188
3995
5636
5343
6581
1766
4633
9295
2048
2267
4254
8923
1278
4971
8023
2752
3558
1658
5645
5310
9661
6229
1662
1662
7856
2111
1618
8952
7116
9348
458
4660
4500
2053
9174
5862
5725
1827
1844
9973
3060
7617
7247
803
3673
5697
484
6550
7589
6235
8277
265
9483
1372
6612
5048
7740
1613
9729
4229
3985
481
8943
2943
2109
5227
4355
8309
4324
6708
8380
2638
8721
2504
7621
129
1621
6006
7663
604
1048
4839
6084
1538
7284
9940
1813
3314
2646
9218
350
8048
9151
646
6032
51
4125
6026
3535
79
8906
9228
6992
4317
101
7058
2691
4548
7871
6984
132
4408
6926
7752
7056
4517
7507
8010
5321
947
3502
8136
2887
4439
4567
2457
8852
6905
9288
19
3003
1364
1717
7872
3090
52
5194
188
471
6534
2916
4863
153
4270
9396
5384
986
3072
1339
3165
192
7039
7918
7966
8355
7993
8184
9339
7418
9258
1290
9848
1991
5840
5826
9142
2395
5349
391
2494
4414
3950
2753
8141
8889
1707
3861
3310
8666
8901
573
3934
1389
1530
5147
9875
4475
4146
8984
9351
4697
4212
4931
6562
3283
5572
7585
1210
1029
9109
953
9364
8691
4045
40
8079
2640
4608
4044
6844
3791
9739
9963
6701
6744
4545
8119
588
4901
8380
9620
6699
3802
618
7670
4079
1668
5476
3030
9097
4516
5470
6473
8040
4674
3893
391
9885
5096
8836
3719
233
7877
7939
2617
6108
4202
9734
2199
6559
3028
5029
5548
2989
8942
9696
5705
1172
2463
9941
2093
2396
4428
2360
712
3005
1820
9540
6202
2590
9915
4839
5945
9973
6698
1147
1909
5546
6486
1557
137
3171
4479
7520
5893
7451
9683
8786
1945
782
1221
310
8062
7717
8770
6893
3048
7918
6336
3977
9798
8243
5346
5402
4474
9560
8414
9483
3309
872
6416
5016
5234
2676
1620
2268
4087
7671
8717
6049
6683
7231
5611
5071
9359
3104
3336
6898
1135
9926
9812
125
3365
2800
5603
4734
4480
7142
5865
65
6582
1240
7885
2733
1186
6502
6218
1314
9800
1157
5729
7138
2949
2147
1840
3844
5220
9135
998
8634
2239
4826
542
2950
904
5234
1153
829
9216
6906
1476
6401
3189
1027
9898
9206
6980
8703
9726
132
3284
4362
6379
3574
1719
9222
5622
6870
1073
6212
1664
4109
8209
1915
7096
3692
6365
7791
6945
9932
9467
2847
3412
5466
4536
2664
8245
7468
7618
2871
4969
9723
7790
2447
8131
4339
8566
9655
714
9956
8753
8783
1902
8141
4460
2165
9623
3020
9500
5631
6694
6619
2072
7348
5433
890
6322
5759
8650
3542
9247
5264
67
7647
737
8591
786
8100
3742
3821
3054
9732
7356
9433
9371
2829
5185
9417
7149
4207
1312
3248
6282
3204
2040
8480
7506
1480
2635
139
4189
9245
8568
9978
2099
5057
5130
9849
4573
9423
1987
3261
1745
9101
6759
5450
410
544
730
9758
9998
1821
2702
5092
4745
8722
5150
3920
2010
9977
4850
3793
3539
993
1659
9616
1170
9169
3103
2866
142
6977
3941
1218
4644
1975
5005
598
1404
6289
9728
3981
3739
6768
6560
337
3360
7137
165
7403
9211
3361
4417
1749
5980
1176
3875
1713
4222
1761
584
5067
6605
7159
5995
8985
6126
7166
1453
240
2038
7230
225
5555
3293
9045
5487
1529
6024
846
5102
5537
8027
336
8915
9196
5015
8464
4349
3078
7596
6992
2637
8390
8618
4702
4852
3158
5287
9152
3234
2389
7749
5622
6711
9483
1443
9046
9115
9898
4793
7252
7611
4245
9411
3111
9541
1169
6690
6281
6686
9251
5235
2603
5189
1971
4906
4867
5686
7277
6358
7853
1722
7266
2738
9312
4306
4395
3076
6045
72
1491
2517
5795
7536
6425
6084
3303
1409
9031
6335
3442
5482
734
4287
8865
9543
1328
9159
5258
4277
3225
7276
110
5293
70
8457
7987
1577
2374
2227
8008
1874
7579
2079
1046
789
5935
7447
5423
7642
4821
3640
2425
3490
7258
500
6477
2164
3908
3989
3486
9051
8704
7188
7004
140
4305
1390
6021
5336
4503
9166
4780
5111
2050
8584
5322
5729
9893
2966
4755
6645
5514
5329
2349
5775
9450
5706
6507
4560
8218
9245
4149
9051
7152
5194
4585
941
6750
5835
8697
700
8882
4374
4967
260
5303
2339
9227
659
8469
8629
1330
4908
3411
1939
3739
7999
2343
3934
2901
2281
1891
1806
521
4202
2945
8125
4865
5984
359
8019
8298
3315
9933
2566
5136
6200
1846
9303
6789
5544
3324
5671
1670
415
1490
3470
9820
2916
3888
2332
1483
8561
2500
2835
9604
5607
5757
5190
4174
9501
384
9387
6903
6333
2482
490
5500
3803
3165
4131
4318
2473
3121
4872
227
6444
2482
9318
8759
1608
2487
3769
8139
3264
7517
6109
4126
5073
5618
9079
7753
2991
4700
5360
7566
3345
1599
1672
1233
2014
946
4011
6640
7004
4976
5992
1879
5258
3984
2060
2778
1910
4973
8322
8430
6423
6825
8704
1723
8404
4319
1725
1926
7042
6406
2968
4337
4982
4661
9924
8565
4488
3040
2702
371
8750
5605
5169
764
3074
4919
7503
7938
3326
4961
6987
3380
9827
3241
3035
1282
3574
511
6828
3517
6695
8129
8829
5538
4773
1519
5256
5206
217
9398
8591
3112
7107
7192
2611
8092
1061
9956
544
1883
9097
9143
5830
1587
8881
8523
6710
7618
4533
5084
1894
7688
6105
8538
9825
2915
3631
7900
7964
2566
8104
9294
648
3352
8321
7014
1364
6804
7976
5919
5504
9311
5844
4372
5748
1397
8117
9965
541
458
75
4712
7715
8593
3445
5052
6045
5274
2839
4695
4456
2414
7755
765
1339
6596
3715
7067
8508
8777
1997
1070
4338
7264
3227
9961
9616
1803
8070
3385
9773
3178
8152
3290
3035
8135
1764
6792
830
1882
956
5960
7160
8491
7134
6795
7420
7943
5090
9025
9736
7604
4835
1636
1437
9757
3419
7616
3471
3031
1187
1773
3021
2410
7646
7271
9717
9609
1667
3105
8957
5340
9636
6360
1571
1354
8090
7659
7174
4231
2951
960
421
4731
4602
1247
6509
4743
787
4690
5724
4889
1297
7095
380
7348
8929
5122
6086
652
8817
6547
9976
9801
924
4157
3275
3596
7040
3235
6345
8986
2522
4095
1870
7233
8862
2004
4923
9870
4662
3867
3875
9694
4274
1687
4354
8072
1478
827
7877
2497
826
6966
5436
9945
9785
2412
2616
4061
356
8667
8388
4370
1572
2173
5819
6586
4369
1869
7830
9069
6711
458
8714
5937
127
7081
3904
9083
7136
2484
5532
2958
3831
8382
1605
5595
2506
2124
9989
8525
3333
7447
6040
4087
5660
1312
745
8219
3713
8228
7445
9954
3929
9080
5447
1467
8355
2622
7901
4892
8245
6783
2117
6923
7941
4469
3206
1814
3440
7543
3077
911
8763
3548
9590
8937
2168
2940
485
4906
5482
9277
9410
1516
4163
3068
8754
5394
9108
1581
659
1416
1795
2282
9529
6125
3417
6318
1445
5205
2740
5387
3524
8106
7883
7510
1808
789
7371
1756
2390
4155
1197
2625
7793
4370
3476
3225
7127
1107
5513
6100
7448
9164
3253
5885
5928
8296
3263
4666
5645
3333
4649
2703
9946
9274
1047
1648
5555
1381
4277
1455
4449
528
6113
8506
6958
7532
2554
1073
763
530
4237
1679
1594
9636
6394
3189
4979
4232
7470
9856
6255
1790
2614
5032
9717
9211
9854
3454
3474
2806
7532
2481
9262
1199
6351
3685
1510
8588
196
6300
9594
9000
1638
639
6787
7667
3504
4408
9268
7272
161
1168
5821
362
5863
6909
3247
273
9053
5489
9230
8865
4043
1372
8776
7271
8041
1037
9276
5514
7328
6283
1942
1316
1550
5234
1308
2079
8950
5622
3100
4356
8328
3334
9881
2581
9798
2279
2551
926
5849
4300
9592
2599
2090
1997
7388
5201
4188
1732
6840
7606
461
5013
8630
90
668
167
1841
584
2635
1785
1311
6484
7922
478
4780
8238
6316
6145
9882
3391
1562
3285
8403
2347
5820
6202
5005
7424
7847
4059
6518
5632
216
186
7594
5021
624
3443
7584
2112
2325
4402
3828
1955
1997
9922
5081
4560
9875
2848
8026
4246
7963
863
7142
2861
5214
3753
4007
2641
7962
6166
3135
2513
4803
7535
9840
678
5313
4293
7180
9575
1494
4662
478
9687
8494
7995
5440
7613
8703
7986
7140
1930
5332
7476
6279
5214
4603
6803
782
7359
7027
2378
2287
835
1750
8042
871
4434
1414
5928
983
2892
2017
9550
4864
7287
7623
9113
5537
9354
3892
9170
9161
2530
3024
1484
5064
7171
5641
527
6870
3841
497
4306
715
3002
2769
9084
2954
1502
6262
1500
7018
7555
585
7856
8149
3747
6450
717
9650
9210
1828
5878
6148
5507
8209
2493
5926
3613
6458
476
5000
2402
7476
6650
1044
7129
9591
6348
4097
7472
2536
5270
2330
1291
9350
6811
5826
8686
6048
1789
4032
1339
4628
5349
7559
7831
6296
3706
4030
6473
9054
9360
8695
6474
8467
8119
7746
1511
4034
539
4244
9505
3105
637
7664
9970
5344
612
2820
5289
6749
7958
8510
3260
8500
4350
9191
2075
4715
2584
6323
9349
3028
3517
6433
8436
9599
3755
2679
1539
7315
6612
1802
3337
1761
4458
824
7973
9359
4031
7729
4063
571
4970
2753
5798
7549
4175
2247
6625
9957
7426
8249
5450
4848
8742
8327
7145
5741
7784
903
5037
6576
7212
1185
9337
9162
2167
7337
1331
9669
4382
8347
7603
2484
9171
7041
6573
6483
9291
5327
5845
6304
6496
7004
4658
5344
6798
5765
4476
5615
7993
5378
1587
7562
515
3687
2639
1800
8667
5605
7297
9882
7944
1071
9352
8863
1485
7940
6843
4547
6998
568
7363
2861
5191
9649
102
8521
874
839
5477
9607
6685
6699
1747
7078
9504
8148
3538
3521
1718
6720
3185
2314
4993
3326
709
7181
9093
2120
3603
5325
1356
219
3690
2728
3198
2866
9243
4624
6562
1026
2
3220
3730
2238
6832
9204
6053
9277
1647
2105
7561
3336
2035
8112
2072
7672
2556
2439
9971
498
746
203
2573
2049
6245
1169
5841
3666
7644
4706
9408
560
3071
1963
8900
4846
10000
2771
374
3344
8972
8653
3105
9883
1430
8571
1246
7942
389
2877
7911
6252
6689
2203
4191
9541
3582
5664
4072
6817
5195
8478
6443
4100
3567
7458
3660
2490
8983
476
299
1332
2238
4342
193
5543
2227
1099
1663
8482
5169
5965
3819
6831
6905
273
1630
4135
1103
1525
6787
5174
364
819
5080
9367
1248
9985
5781
5983
2458
7387
1811
9343
2213
5435
9224
3909
5352
7334
42
3424
3740
7100
7872
2558
6643
9314
1465
6339
2341
2538
7272
5349
1244
3220
6508
4787
859
6359
3961
503
2385
7506
8671
2630
9492
1577
5229
647
9398
8406
6364
3900
4881
5679
3091
7642
161
4233
9435
4752
3268
2387
7212
6984
7275
4321
560
8330
2773
3884
5304
1483
8884
1019
8026
1753
9995
547
6399
6820
1502
2380
7403
7753
5345
8005
74
4846
6156
9413
8355
8089
5337
8408
1264
5600
5508
7302
9452
7817
6895
8842
4019
5274
1565
1849
5236
549
7678
1636
1527
8512
7627
3212
8907
5048
7696
294
4814
380
3927
9227
4284
9267
6376
2225
344
146
8463
6885
5016
9778
716
2
5972
5125
2215
9819
1130
8597
7928
2786
7366
234
9893
2799
7528
9797
911
451
1190
7595
9066
7521
6739
9922
6774
7767
9680
4400
815
2465
6688
713
2327
9624
9317
3680
7000
5143
1571
2967
6241
3515
4099
6928
2279
8114
8020
505
3255
4270
6768
6217
4530
9946
7515
9512
7981
2334
6956
4774
6689
7224
4698
9241
600
8590
643
1766
8601
3682
4543
6202
8929
1859
7819
5528
4703
3063
8905
7335
3855
9330
7153
3736
1872
7526
6836
3561
7479
5006
8825
5080
1144
2405
7509
360
8050
2059
9864
3497
3386
4779
182
9915
9040
603
6807
972
2644
2089
7295
6612
7549
9471
7918
8868
1698
3473
445
2601
3136
2463
3984
7933
5463
2787
9767
4694
8889
8466
2499
3681
5141
5959
5658
7485
6528
2458
9789
6331
871
3557
6519
9298
861
2643
5354
7544
7861
5346
5418
2443
2422
7015
2171
4775
9171
7547
6400
3857
5982
1023
1396
2783
4847
9793
1797
7907
4992
6645
5967
3808
94
4129
8646
5497
3699
77
357
4113
1530
1022
7331
9779
6746
9212
6046
7401
9079
346
5085
4027
2596
3389
5884
9087
779
4411
8112
3056
8342
763
5207
6392
8419
3779
7966
8488
1223
8379
1815
5730
1313
3827
4447
5088
9869
1114
6714
8777
4116
9968
5594
7922
229
2886
3517
7286
8120
2508
7069
2102
6468
5632
2666
8375
9503
8437
9835
513
8826
9417
9757
4046
8792
8335
6744
9114
9656
9661
7256
8973
7509
6674
2467
9753
3531
9691
6530
4142
5732
3113
4498
5302
794
6541
9732
6754
8458
2399
5272
3937
6543
9148
8738
9034
4586
5481
4871
9033
3149
3615
8958
185
3362
1832
7460
9388
9616
7999
5088
616
5302
4187
3595
2791
7916
8118
3585
1652
1349
554
41
661
683
4840
2004
8240
6817
7040
3098
6981
9041
1694
5235
5603
9171
330
2705
7707
4819
9335
8246
4841
587
3270
5234
4525
5542
4462
8983
6777
8001
2727
7193
7077
2128
9843
1356
1135
2877
3138
3560
2231
8774
6784
969
2004
4909
7767
6051
3904
5247
8199
1123
3596
4951
3008
6421
8122
9813
7238
8623
385
620
3027
1403
9693
2747
3489
9904
8852
4991
5981
8283
2887
1280
7942
2344
2336
911
4557
6746
8264
5407
6333
1881
5069
7546
8265
9563
2315
5449
8783
6498
2462
8683
1681
5290
7004
1320
2053
1559
9211
2146
338
9600
3565
5174
6549
8763
7443
2302
992
8077
7398
6812
9952
8885
6272
6722
2352
4549
4556
5971
3036
1042
8220
6076
8864
8508
5450
3433
2469
6291
1112
3327
8491
9575
3715
4425
1981
7915
4079
7835
1031
521
6968
9208
9455
4608
3400
4361
4955
9446
9814
3008
7336
4174
4081
6036
6041
3955
2265
3988
7890
9660
4161
3537
8857
6382
420
3394
4006
49
9391
9559
1462
7387
3541
8589
6506
1227
1764
3114
1775
1592
3367
8384
25
2865
2189
663
2802
164
5208
9006
6611
6157
4672
1902
2704
6091
2114
8637
6453
7518
7310
8038
4163
3031
1291
2335
9649
2490
6534
1333
3829
4182
9765
3525
5030
8868
1811
6502
5155
2948
1495
8089
818
6429
7441
4242
3953
1316
9891
2191
8590
5409
7536
5613
6730
9839
5457
3305
4573
7790
8760
3292
4146
3578
6002
2431
3434
1297
2570
87
2824
7043
130
2701
7862
7372
4744
4853
3118
7049
1231
6447
6567
4276
924
2249
9679
9333
3777
9124
8899
5210
1144
5864
2072
7272
3921
1260
3669
7026
8743
489
5115
5227
866
2340
3216
9180
9938
1905
1131
3752
4816
8981
9686
8417
4645
6627
523
4714
299
4474
7943
1958
4115
2699
2245
9190
4518
6455
3316
4279
312
9312
8610
9918
4130
3005
1378
5138
1560
6432
2627
954
3896
6547
5678
813
9146
4463
3117
3105
582
5364
37
4331
9258
5500
3374
5945
1396
6761
3829
2150
1679
3253
6960
2804
5506
78
4244
2302
5847
2279
4884
1558
393
697
2639
3009
5696
9007
2689
336
7284
8928
1180
1055
3099
8942
3922
9936
6487
7575
54
1931
1803
3206
9892
9337
630
1147
8896
9605
417
9694
132
9343
1625
5201
3767
1736
202
1446
1022
3482
6486
7603
3868
2037
4480
5316
1448
5765
1283
246
8564
6743
4527
4886
4891
8314
9432
604
6055
6195
2664
4556
185
2755
2706
7671
6413
7684
635
6115
4740
9280
9085
5754
6454
6129
4373
7442
2357
1918
8290
3225
4072
1171
4063
5131
561
4170
8949
2559
9247
6200
1924
4367
1017
7933
6078
5146
282
9895
974
9263
6487
5691
7482
9845
6077
2215
3229
6861
9567
3224
9748
4904
1922
7958
3661
4812
9638
3756
6226
7233
3795
2993
2006
3003
6852
8045
2060
5406
807
7865
8343
7199
8030
1755
7519
136
3456
8344
3105
464
2324
6187
9368
1556
1830
8726
6974
1715
1096
3389
3145
2831
4693
4350
9298
3987
9780
3332
2184
9295
6821
9759
960
3635
1024
8117
5885
2217
3532
5585
5048
6945
2407
3353
3160
8978
3068
9517
3524
9033
6404
2461
921
4962
7461
1387
6625
2692
4464
3808
8303
6294
9074
14
7587
9810
5270
1657
7585
1664
945
714
4141
8641
2128
2294
430
6221
4114
1641
5119
3461
2738
6119
4533
9339
1404
730
341
8086
9816
933
5737
9335
9871
4623
2145
1588
2586
4261
9259
7672
6030
880
7622
2739
8327
4021
4363
8508
4107
6209
1820
7180
5941
8506
8022
9273
77
9093
8571
6911
1131
9646
6300
4676
102
2934
5390
5278
5380
8966
1514
827
7697
1800
8607
4459
8116
3685
1686
7256
8739
2975
4159
9532
8671
5506
3241
7135
396
2112
8963
7365
3713
6943
8632
2817
7046
9900
1643
1999
9531
7342
3247
8460
7589
4272
5953
6967
5759
3318
934
8529
696
1216
7910
9024
8412
2062
4866
9841
4361
792
794
5025
3858
1092
1288
3162
5120
5428
1246
4068
4482
8562
8732
7233
2905
3088
9710
4382
8908
1657
5366
5754
7820
5154
2690
1705
4068
7266
9177
8936
6629
7091
543
2155
1886
9591
2037
1283
9113
5796
9953
8874
7127
8230
8573
416
5590
209
4920
938
5291
4417
5669
3676
9164
6198
4855
7451
1406
1046
4610
9430
4504
5681
3872
321
4640
5242
2054
6341
9321
8257
620
1667
3668
7029
9693
9345
3098
9832
3869
9947
1945
6102
7049
1487
5271
7852
1396
1989
7937
5743
8745
478
2232
6627
5572
3765
4849
2368
8034
2271
1526
8386
1066
9146
9397
6407
8505
3773
2309
4096
1177
5372
249
2450
6613
2459
399
3691
5786
5652
9751
7533
9168
2240
5496
5612
4364
4038
2721
5359
425
1718
7138
1927
7433
8661
5935
8723
8548
5524
6165
4504
3665
459
3786
6447
3971
3147
2215
3638
4277
6716
4529
628
9265
4289
2121
8723
5168
2991
3111
2206
6079
2772
1272
101
8633
1809
7836
2783
4549
8742
4225
7989
6969
4909
8280
1495
5364
9429
8208
2182
2862
2621
6367
4249
8838
588
8242
4734
1855
4934
4795
5671
4197
2783
7201
1439
9957
1051
5342
853
392
9994
6494
9162
8412
5258
1784
4513
4850
3284
162
5349
3971
3123
2207
6713
6948
6181
1691
2106
1703
175
2447
7237
4386
3762
7254
7070
3509
794
7019
2468
7763
7722
347
7719
3882
3385
9568
8550
2596
529
3629
6423
3814
2129
2562
8429
54
314
1759
4392
8133
6889
533
4675
4161
4688
8815
4463
8219
2399
807
4648
3951
3922
8176
8941
9244
6480
4505
594
6653
4767
6812
9693
8096
5606
6880
8793
7700
3860
6334
7621
4863
1814
761
8921
8478
6330
7542
8760
77
4945
5071
7525
6362
4359
8789
3981
7895
4664
8546
1562
8553
9761
4934
4759
9323
8967
8863
9041
4792
8328
184
3580
5627
6168
7299
2523
5432
7272
2766
1293
4423
8464
1293
5014
4523
1114
7455
1819
9468
1997
6400
3816
468
2085
5560
598
5440
3363
5807
2958
7953
2839
5640
8637
3519
1931
9762
763
3949
5548
576
8458
2372
8589
6243
4625
5717
9876
8172
393
1798
3605
3522
5658
1615
4044
1620
8958
2867
4602
3045
4454
3784
9320
8155
7326
8006
9310
9815
7035
6607
4035
2380
2286
177
7823
8455
5778
7675
6051
7365
2031
8581
2962
3691
8017
3048
7834
3464
7924
8996
3179
3903
9864
3056
156
5693
9569
5977
7628
4766
3611
3596
3295
6411
4806
8907
9170
1444
7235
3446
995
9496
8925
2295
6140
2155
1807
8593
6822
3686
5778
342
4412
9300
7461
1739
9482
4832
6715
388
1822
6972
5688
3360
697
2940
4445
690
693
9080
2553
6235
663
9305
4256
9202
2193
1981
4444
7729
9904
9177
1726
8433
8285
6813
5441
5604
5610
7272
8763
1187
9340
9642
7887
9732
2755
2774
2463
2976
6896
8159
8511
4721
6960
4117
2528
8786
4260
5493
6438
2794
7313
7166
7700
6049
9416
6262
1840
6342
4285
7151
4717
3338
8793
6736
3107
7610
5709
3779
3496
374
4308
8139
9492
9968
9914
4609
2577
1410
6927
1957
5989
143
9235
2003
4956
9843
4460
766
7897
3020
9217
2343
5538
299
3768
2680
6659
2700
7399
2228
3709
9599
8501
7037
3362
644
8306
7698
9315
4468
8046
7205
703
8696
2319
2565
8165
148
2697
7272
5130
7059
5136
7031
9362
4886
329
3837
6731
9317
5833
9850
6575
6398
2386
9162
9479
6812
6823
9185
8539
4890
557
8919
7214
9711
185
2718
2966
2968
9329
7
6591
297
605
2875
8624
8111
4669
4407
86
3843
1989
3223
3565
3584
1279
8003
3211
7871
935
6608
2301
9840
906
9817
7869
9943
2149
3517
7832
6868
9080
103
8822
873
9930
5260
6498
8635
9293
2611
2416
5532
5055
3086
8366
6091
312
6678
2130
4522
5268
5307
6068
4319
1478
5148
6539
2520
9756
8128
5211
4045
1247
3659
6461
894
1586
7305
6573
7954
9528
6634
5361
9747
2917
211
3387
5814
1144
2667
1479
3671
5657
967
6359
6410
2606
3900
9708
8528
288
9717
1735
7616
8259
6217
2632
4621
1621
2110
6424
1675
4964
9801
3910
300
38
8835
561
3288
7156
8179
3734
8765
3173
9225
9289
3777
870
8530
5490
1544
1645
3300
144
9133
2784
201
4164
9964
999
372
2115
8907
1731
1114
8788
1689
3135
3751
7081
3440
9810
2082
7839
9852
8401
4338
9806
8444
92
4317
5535
7453
3142
5005
2469
7787
3815
2973
5353
8356
6249
5643
8899
6063
5736
4960
4536
2382
5704
1581
7661
6936
1097
2605
4421
2576
6103
364
2271
8024
9220
3018
9290
3732
6774
4388
9844
7376
6076
1065
4084
663
7495
4666
2884
5231
7311
5663
7190
3263
4860
5449
6435
8593
3407
2514
7198
872
8610
9001
8751
1175
1568
805
2366
115
6521
1495
8662
9210
3192
9328
3725
842
9447
5708
1749
6942
2351
5166
5758
5531
4205
3921
6488
9716
8955
8886
9717
4042
3871
294
9206
596
3063
9569
6129
7968
9969
6465
7042
4315
3181
1775
4993
8721
1169
733
6220
8661
2467
3860
3372
1430
4936
2285
4063
9557
143
8059
8780
5654
1400
5918
1945
8627
8632
3846
8961
7330
7952
6810
6575
5530
9792
2028
850
7962
22
5515
9588
9351
4955
6441
5581
2582
6818
6891
9822
603
1512
9158
74
4452
2261
2295
9203
6066
1205
1019
4164
612
3044
9451
2368
420
1626
9698
9048
3026
4673
6589
8819
1900
5092
7583
9200
7443
9218
6229
1153
1488
5377
6280
6757
5423
8410
9491
8412
5496
7793
3803
8987
3046
1836
2834
6586
4796
5928
2872
4351
3516
2232
6684
1747
1042
8382
2832
7811
6376
2034
5979
6534
6843
5132
7204
8532
5347
3468
151
8016
7887
2267
3176
7186
7971
4531
4108
4884
4715
2964
9745
2666
1966
9182
1439
6945
9378
4447
7196
3662
4965
692
6792
987
2937
6393
140
3521
880
874
339
4517
4974
9388
3280
5271
7001
3042
5589
4972
5890
4578
6265
189
4511
1541
74
3198
3739
6344
8586
1766
9398
6496
6894
580
1929
8033
4696
8162
2179
2095
5947
451
9392
4201
891
4062
934
1712
6548
9602
2685
4274
178
9015
948
15
9684
8083
7322
9578
2880
9763
6415
4329
6045
4033
9814
2082
4606
7085
8171
6030
3598
3240
1286
758
2428
5453
9994
5790
7571
88
8921
5178
9076
9340
9932
9032
2744
3950
4568
6668
5227
6186
8073
1209
426
9534
8257
5799
4732
4109
9288
7971
3557
7718
2357
2390
6399
6362
3144
2017
7208
6846
7980
2486
9087
2032
6734
3107
9099
893
2271
8112
5120
2
9036
9045
8538
5162
608
4342
6543
4794
6098
8266
945
7617
2098
67
8666
9461
6448
5092
2923
4896
7062
7105
4800
9215
6207
7652
8235
1770
876
6057
8582
2681
5605
8667
5011
2965
6505
6036
2703
2905
538
6691
7150
3523
354
2268
8939
7280
2546
4183
2748
7476
5152
5916
1398
6958
6455
1278
5704
7873
8204
9363
9129
1563
9169
2275
6760
3831
5852
2812
1233
2562
2618
2989
6707
8709
5336
7206
4833
8439
8078
8519
9346
753
8745
1631
9754
8939
9079
601
5034
3158
4080
9246
7049
4419
6187
9631
6086
7059
3338
2975
4597
8021
3396
3144
9739
3860
3167
8045
5263
1919
5360
418
7209
298
768
9503
469
7291
5461
9928
2593
9621
1456
8634
8148
7031
5620
5156
2590
9569
1670
8515
406
1672
9974
8699
8051
3611
9708
7966
1826
807
672
8773
5705
833
7198
4704
5724
403
5817
494
4476
7606
8921
2773
4909
2387
7915
8904
531
6949
6977
1091
5709
1179
5502
6449
2689
6345
5462
1023
480
5801
9003
1653
1327
2794
1862
4118
2565
9214
258
7672
8030
8026
1149
3619
1552
6215
6856
9493
1478
1105
8599
1835
8733
3830
2680
2139
1512
4990
5448
1562
1915
9292
3379
5616
5485
7678
350
8569
7985
6622
7163
5317
8195
3155
1365
6606
9603
4562
6504
1695
2656
7580
2617
533
3518
6425
1023
37
2496
8861
8425
5262
1781
3609
1590
6935
848
5175
835
1166
4380
285
3751
6551
2415
4447
6035
9444
7784
3651
5367
9815
1033
103
6261
8833
399
1791
1116
2792
125
8278
3757
7116
5854
3676
4456
6354
9806
4669
1961
3203
2904
1304
6566
1929
1283
7894
3516
3347
8668
100
9825
5002
1097
8065
579
6042
2932
3385
6807
2273
5408
4406
2736
8131
152
5290
8556
9364
1443
6305
3689
79
4928
8464
7841
4454
9382
892
1173
6778
9898
4917
2225
9617
2436
7164
6077
201
2704
1479
5158
1066
6991
8795
6229
6765
4103
4481
167
5622
5511
7056
930
6457
2384
3405
5842
6906
9158
3742
7774
6394
4535
343
3608
1285
6771
9242
3386
7817
2395
3902
4261
929
1061
5738
6626
7413
2728
1033
4660
5945
1638
2673
6647
2368
4751
520
7718
2774
6401
1275
9759
4084
5682
7422
7030
4623
5462
2035
2613
5227
1416
1111
1195
874
6911
889
591
7373
8797
7378
8948
5017
2972
6902
4100
762
6946
191
4344
6604
8347
9058
4260
2412
9598
1612
785
4711
2118
9987
7646
2052
7589
6133
884
7386
2843
1868
8170
1436
6531
6337
9742
4923
9297
7999
5961
1125
6595
7221
246
293
1396
4375
9974
102
884
60
7791
1533
6693
1453
4386
1297
4338
3458
519
6181
232
7771
3758
4907
4985
6742
8226
6397
9208
1996
3047
743
5608
3304
7052
7151
1117
2755
9249
4714
1203
5744
9259
6164
4404
1483
3424
1774
9174
7864
932
5980
8595
8408
8396
700
8777
3883
7065
5398
4716
3033
9754
9396
8957
8633
4324
4095
8612
956
8692
4147
4993
2774
8884
9534
312
4868
8951
8643
3641
1137
5291
9610
8480
2939
9495
3558
3712
7459
5933
1703
6687
2641
8920
8486
7614
3450
7222
8239
2452
5615
3648
3234
6790
2719
1644
2054
4995
5603
5727
4227
5201
991
152
8211
4036
3494
9674
2179
1210
4607
1114
6392
308
6249
9492
9653
6585
4251
1068
1749
9190
5188
4993
654
7756
868
2804
3872
306
7338
3058
2878
2190
7084
1543
6043
3618
8459
4986
5228
1813
614
4956
8188
5256
9161
1836
2766
7423
9513
965
6088
1560
9301
2981
7254
5042
1056
6852
6737
4762
8141
6297
6409
4148
9671
6177
4752
3806
3381
2212
8698
7829
302
8886
9591
422
6428
7022
4585
4013
6386
8235
1724
2267
2670
6523
2303
1474
6751
6212
358
1366
8759
2958
5530
2478
2238
903
2066
9055
8706
9077
9555
7640
4847
4819
2190
7306
3607
8350
9615
6639
9531
9224
5650
6070
3411
2919
1266
6565
2969
3392
8427
5620
6033
7054
5326
1025
9580
1535
9911
977
2222
939
6948
7058
3225
7747
2037
8540
2393
370
7048
3316
8583
8347
116
1963
4115
217
5620
7783
8996
7791
6340
8107
3961
1208
1515
2210
1017
4611
3794
5027
1166
506
4582
1892
321
8323
3718
6978
4874
6862
4091
4208
1194
6714
7181
7580
1301
4954
8677
4839
7598
113
4132
1043
1385
3290
1269
2066
4098
4365
8402
5678
9956
4538
6502
1629
8716
755
4288
2218
367
9955
1911
5625
5088
3556
326
2304
5854
232
316
7766
7650
2969
8577
4259
8564
6030
2658
8114
2379
6661
177
4901
9729
4073
9867
2167
5326
7254
100
3150
1650
5214
6456
2691
6693
9444
4123
9777
5746
3996
9210
726
1861
9625
4374
5785
725
3507
2752
128
9534
260
210
753
9666
6823
5873
2513
8840
655
1170
1536
7834
582
9421
3985
4138
3800
3714
3345
9929
5576
4606
3485
7129
9204
3149
8357
8820
8860
5194
3721
506
4688
5919
5559
2127
7830
7517
2911
6647
263
8514
6246
971
3712
4229
8775
7779
2494
2570
7276
6396
376
608
2612
1017
2942
3604
1218
2772
2828
6073
6588
7453
6381
4982
9903
42
2516
4339
6088
9829
6303
4091
7414
6640
9478
711
5003
7575
7213
9882
4925
6652
7291
612
3830
7178
3341
5979
6591
2161
9462
1894
4501
8595
7177
4445
5983
9598
5147
2395
5717
3586
6236
6240
7413
6798
6650
8559
3938
477
593
6224
1975
351
2437
900
1752
6147
6192
3636
1399
3242
5792
8061
6734
2704
4058
9231
3090
8774
8965
2874
4065
2752
6516
8813
4388
8316
5350
1451
6768
3072
6840
6573
9599
1648
4785
9178
9259
9148
5311
8333
9746
4743
8401
8527
4147
8920
6136
1896
1048
6888
6648
1312
3064
6366
1637
2979
8758
1844
193
5191
5945
4545
5688
4874
9666
2167
415
2095
3343
3264
6653
9965
6567
6618
4566
6804
4919
3869
65
7468
814
9190
3389
1873
9718
1621
5508
391
4550
6661
3935
7538
2809
2714
2959
3212
110
9206
2894
3959
4779
5963
5669
2165
1223
7150
990
1755
1347
7511
3722
3279
9008
3797
104
833
5540
7281
8563
8212
8160
3558
24
4611
2251
3091
9402
6102
7275
4497
939
3245
3713
877
4145
2690
4498
4174
8210
2856
7214
623
5670
7850
7470
8537
9708
7572
3631
6654
3012
5849
6243
8962
8276
82
9192
2913
4665
1443
6273
457
2179
7194
6335
6696
117
9971
6676
4443
9463
1534
2739
7424
4432
6756
2241
355
7798
183
8204
9843
8594
3485
8431
201
4283
3849
5806
6733
3315
8918
5642
3148
901
7123
4927
1339
2225
5534
9521
8750
5058
5048
5758
8554
4617
2504
7257
1618
1049
234
8043
4063
3844
8020
8572
4269
1050
7283
8723
2528
3156
2247
648
2261
2694
4838
4829
3435
7007
6150
2512
255
301
4307
9493
4921
7689
6015
3902
6143
5437
916
2284
5260
4009
6297
9047
4954
1443
5708
5287
2050
7601
8586
8544
1267
9219
3305
7847
2433
8556
8892
8960
6346
867
2619
377
4247
9283
9596
6883
4410
1041
6462
1487
8110
3051
8427
2506
4032
8604
7418
7797
7306
875
8400
7626
5115
445
4332
8081
1042
9032
4522
5977
8925
6122
9110
1675
4044
2771
1163
9289
9036
5093
778
5676
5158
7870
113
9856
1461
2165
875
8825
2115
3635
1323
6487
4423
5960
2520
701
8938
1472
4331
2484
1832
8268
2497
4909
1527
6556
5715
2453
5348
7190
1241
5766
7298
410
652
9316
2814
2366
2671
264
5753
1807
7059
3785
3699
6784
5320
1670
1225
1001
6724
3286
7168
1851
8578
9722
7682
1501
5710
7391
7520
1833
989
6214
9078
7865
3099
465
4766
1341
8672
2188
8529
1766
7156
2134
4759
306
8675
2725
4323
4944
7035
9569
1496
3929
4683
6444
7317
9914
949
9821
8491
2124
8321
2949
1458
252
9649
6958
7692
3555
7061
7080
3113
3516
9160
8361
921
5795
6057
4789
9666
7833
4255
2106
6064
9874
1751
3423
489
5493
115
2252
4205
9726
4537
5109
7814
3348
8264
265
8009
545
8681
3435
7006
1136
6446
3614
4442
7339
7054
8163
1675
8115
6454
6652
5773
1155
5455
5644
4262
6182
2664
2594
6106
7161
8320
1045
4242
1823
2839
758
9878
8340
2094
6525
5852
8612
752
1277
619
7550
2856
6688
448
3745
4436
5525
4628
6753
7185
895
8987
3055
9908
8810
7623
7047
1898
8320
6139
6817
2778
9085
2845
3373
7836
8636
2060
5560
8129
7342
7902
2305
8234
2512
8721
3178
336
4061
6064
9244
1548
4603
3179
6896
2105
4624
3544
6881
725
9763
3990
4447
1171
2572
3038
3187
4644
8701
1829
7440
489
5304
5720
7898
9342
5428
4532
9179
7969
116
2642
7158
3194
8763
567
4117
3959
3865
2442
6101
1561
1135
6375
2870
2890
3735
631
4633
5951
6174
9779
5905
2895
7731
696
2397
1758
3678
8883
5461
1620
1467
7345
7663
5330
4784
218
7761
4674
2478
8998
8413
4000
7435
9364
9931
8131
4635
2226
5185
6640
6766
3942
9142
2783
3333
1908
6957
1178
3844
9286
4994
528
4235
3216
3928
136
8150
813
7424
1111
69
8907
9771
7151
8265
3890
4567
7298
4229
4781
7776
3313
3225
3038
1879
1710
2383
4075
3476
8176
7637
25
1288
9956
9941
9362
3552
2415
6141
3759
9266
9947
7370
4122
9890
7140
1924
3571
6356
8087
8042
3835
4125
3920
3770
388
5377
2339
9832
4828
2440
2443
2454
950
4812
3558
8077
1683
313
6142
5664
3683
2872
9190
2855
657
3212
413
5841
3818
748
225
5123
4539
3439
158
4314
358
4428
8066
954
6213
7604
2962
5840
6387
3322
1887
348
9887
4987
1025
3149
9159
3867
3540
5446
9042
6590
3557
3156
2194
8773
6928
5749
36
3494
7111
6860
4810
4980
2657
1511
7745
2548
8418
1610
7882
2381
4995
6230
5036
111
3202
873
7579
7432
1994
7153
6405
7570
6019
3441
7469
8388
8556
972
237
466
7928
887
1480
2361
711
2205
5915
4634
6646
2976
1185
4763
5145
7270
9830
5031
3407
4605
8835
9028
7350
2014
8952
2019
6317
5309
182
9699
9787
6622
6068
5344
7250
7279
2587
8146
5849
7995
3375
643
7696
4678
5672
6877
7703
4585
2806
7078
1404
6517
3747
4745
8676
1893
3260
7419
8883
1938
2967
2327
3229
98
9976
9684
7741
660
5301
226
4145
4767
9886
4612
7676
1716
3580
3392
3658
1755
3359
4117
6613
7255
2208
5143
4971
3302
7002
8469
682
8992
8861
5867
9563
2057
6466
2084
4882
2773
7607
2474
7995
9068
1753
10
8383
9541
4714
8922
935
6064
2469
9431
1458
5818
5718
2058
3506
2524
6607
572
9713
8265
9778
9836
3887
5696
167
5049
3455
4235
4449
4595
4131
2543
6318
5498
6335
992
1799
7505
5708